function col = parula12()

% First 12 rows of parula(15).

col = [   0.2081    0.1663    0.5292
    0.1853    0.2779    0.7534
    0.0060    0.4086    0.8828
    0.0681    0.4812    0.8511
    0.0641    0.5570    0.8240
    0.0235    0.6354    0.7978
    0.0590    0.6838    0.7254
    0.1986    0.7214    0.6310
    0.3953    0.7459    0.5244
    0.5906    0.7479    0.4415
    0.7525    0.7384    0.3768
    0.8982    0.7265    0.3142   ];

end